,"V1","V2","V3","V4","V5","V6","V7","V8","V9","V10","V11","V12","V13","V14","V15","V16","V17","V18","V19","V20","V21","V22","V23","V24","V25","V26","V27","V28","V29","V30","V31","V32","V33","V34","V35","V36","V37","V38","V39","V40","V41","V42","V43","V44","V45","V46","V47","V48","V49","V50","V51","V52","V53","V54","V55","V56","V57","V58","V59","V60","V61","V62","V63","V64","V65","V66","V67","V68","V69","V70","V71","V72","V73","V74","V75","V76","V77","V78","V79","V80","V81","V82"
1,0,0.985031933615149,0.959004477426744,0.792793283791596,0.679512788184188,0.788681673636698,0.949647528606268,0.97569024124431,0.980767741132941,0.662773799465196,0.744426966926526,0.968983937927593,0.784711957742964,0.801699724042439,0.868580925597925,0.708064108317254,0.867643252579553,0.870497735115294,0.850925730201178,0.747306504182982,0.891474087297699,0.877648045346077,0.823666667855751,0.620646901429694,0.560377040162082,0.869060932971413,0.948407715961146,0.818527258518271,0.930787393478314,0.903711912129595,0.961254112911986,0.895989808331684,0.858694263537457,0.905408858909686,0.853004311018695,0.83094671149696,0.845631091241917,0.887500136620333,0.966730098854235,0.727366504664651,0.853260828368775,0.865887838069738,0.799158249069435,0.832751960085958,0.891281606730355,0.949238738560464,0.755091598857922,0.898081132704354,0.900659879021614,0.974265260002997,0.987085273337294,0.92673448361647,0.769071931122553,0.90240246496953,0.752036561967808,0.808341749839504,0.78296571497134,0.881848769818955,0.911064825382929,0.661327201228201,0.89862331778856,0.852804342302538,0.853267512085071,0.811423853040785,0.822099364572243,0.892984369885062,0.804690307451592,0.947551095376323,0.998620509289292,0.939110477336472,0.96137094821759,0.926415204276516,0.967819844911343,0.995968162301338,0.911697074916354,0.937919215642145,0.934012847482565,0.98396716639928,0.983747237068916,0.972672038683837,0.907531745994862,0.829612059731815
2,0.985031933615149,0,0.88785041648034,0.923630325411014,0.966999677944905,0.97643430363631,0.812080779381959,0.992118473228378,0.890628591077779,0.978461584455443,0.959501953182845,0.742513338013139,0.981032505998715,0.97685657648495,0.809579332605363,0.994313663683024,0.821532187471247,0.95044447629041,0.961504337787453,0.930890635528482,0.893089916188619,0.999532305434551,0.95481585144447,0.985190103248444,0.960261868428808,0.909106842988458,0.88810049051691,0.972090209888604,0.827317194771287,0.879576634476005,0.799462924351357,0.944322252328123,0.912899233127348,0.952459567109226,0.791078401573181,0.785455671758652,0.835417468593635,0.81659002331304,0.759733135759812,0.972048165567977,0.998416336562203,0.999707517111441,0.959025987268459,0.963631281576414,0.996922998047845,0.882061254282589,0.916466960225232,0.913649937650049,0.972685286258221,0.931205999371855,0.909578573327352,0.867812623848722,0.913154853653425,0.936926364633665,0.984097685826635,0.927932256698471,0.978874330110033,0.880477512621695,0.905303043966756,0.930220231393104,0.961676756453524,0.955440920736178,0.960847488324689,0.96360641415007,0.972017473747057,0.819981661147833,0.940917151033543,0.746419868514215,0.861146456213609,0.990997729847149,0.969972847221327,0.989346784609286,0.962810346698611,0.998296596322906,0.927154635227451,0.823494912247141,0.980136379049284,0.905721884858297,0.729026628123751,0.986227307263206,0.887780177353769,0.988586907449038
3,0.959004477426744,0.88785041648034,0,0.979832195046587,0.95937196668255,0.961594289878395,0.97873145289407,0.904125549370931,0.988594102374435,0.960689047155524,0.926024516755206,0.847169179026515,0.91399532218338,0.931918073890414,0.849614247668937,0.910499639203306,0.930703727231594,0.907382750372695,0.939497596216444,0.938432889484572,0.910343871460105,0.933173075512076,0.935597994244135,0.926952817343982,0.862885159525813,0.879322301993673,0.893313617744367,0.944806287309643,0.850739316357053,0.993457712668882,0.875644481969005,0.939618421174721,0.951722525193503,0.960838142163069,0.91823448199079,0.966322644236582,0.877280967427007,0.868116481196588,0.900635369079349,0.910254625850579,0.88909501081663,0.966078684132534,0.9063821311155,0.922330126721893,0.88822540434545,0.988766739128463,0.91819772993367,0.940864846361592,0.844171830911989,0.92193254606957,0.990645513528938,0.942987328774125,0.864712696618277,0.923340251870972,0.871388881340838,0.851204924780102,0.989202661914628,0.884464601948864,0.815437624560871,0.932063924404235,0.871484206383053,0.914769193272194,0.981504701626244,0.888289017561561,0.906731455522376,0.911997347107549,0.868424771704722,0.970411649993222,0.976585354710415,0.970012739285785,0.868957117996499,0.945160853044894,0.940713772695599,0.977042131360257,0.974830034911195,0.986539639600309,0.942224967457712,0.982374360840357,0.960985709997866,0.971308348107222,0.997919446106155,0.984208179853849
4,0.792793283791596,0.923630325411014,0.979832195046587,0,0.857416801042394,0.821103487526974,0.778183321211235,0.947775467827934,0.93869549354592,0.786779919220509,0.923911921011721,0.915307777695437,0.909827874856401,0.858222495662973,0.815760271818043,0.755747232187075,0.81501141064092,0.841809979874211,0.826382874856302,0.778896880454769,0.89517159994856,0.873516983818098,0.850764351666329,0.923356929450036,0.728885071579896,0.924234614724136,0.952462306311246,0.878914367038497,0.91429299786586,0.918151639814138,0.910920653573597,0.914522050403244,0.900591039089808,0.844691436823614,0.841146759300369,0.913431885059948,0.869890522857316,0.86542046246114,0.840828376333269,0.7182147530838,0.803217750464523,0.822754784044857,0.717998921873076,0.839720582059422,0.993490259874004,0.75863537174166,0.746477138113686,0.930511734366653,0.998334461715372,0.907606236700687,0.99652210389384,0.923090271820674,0.80710243847121,0.976399560677267,0.71193875885884,0.881402900258126,0.741040767154839,0.932637644129808,0.95400983721296,0.84876766246212,0.88711970725484,0.951450560906313,0.753457503926234,0.871937589639766,0.86538879058464,0.818697829202723,0.857464655513983,0.994294932859669,0.947768140604289,0.862166475474291,0.968903949788645,0.952203780588038,0.988120117865635,0.940984880103586,0.957011503156688,0.998253175798909,0.917233668439368,0.945301400018654,0.946371230544564,0.926671087581706,0.947881776519079,0.99242415081421
5,0.679512788184188,0.966999677944905,0.95937196668255,0.857416801042394,0,0.881024765462683,0.937381091577309,0.992257787950634,0.858630891748948,0.758238809773377,0.798407684656943,0.933150123787492,0.808650750759776,0.874043547416736,0.831138572883789,0.716137184704267,0.831796795402247,0.822837431937697,0.808181423619025,0.761646447688167,0.869416093557642,0.843688277478365,0.827959489960079,0.760095168374459,0.80344513693408,0.906815935601725,0.982921472530465,0.893439566505593,0.888315171814439,0.916169985800112,0.909568758860616,0.887827451238493,0.848679616661679,0.87517414981159,0.872939477896423,0.911084765043834,0.85371612034074,0.820503058578452,0.917824762012025,0.817807822345047,0.861512183076395,0.853776006485284,0.828700880825607,0.827228727939294,0.896663626713235,0.880940148094344,0.911310553412611,0.955621519278891,0.949155420349898,0.942581819115127,0.995736194558122,0.838170766109681,0.881879642357024,0.868736977999234,0.8466201740029,0.799710218413767,0.812881466561514,0.875627796544556,0.917883506088144,0.549349553350137,0.895299439274087,0.802558724127567,0.943215328627635,0.870333867867513,0.859825117752028,0.835175612420338,0.898744579085226,0.986587356169675,0.891654148194524,0.980204894677729,0.977031021384182,0.971622253334932,0.964708180123082,0.975275234852908,0.970500317054976,0.99302338849108,0.86949243117644,0.904045824684739,0.948601344469085,0.958853834867595,0.921745325715568,0.891744196538481
6,0.788681673636698,0.97643430363631,0.961594289878395,0.821103487526974,0.881024765462683,0,0.955017289594199,0.949229770440678,0.979582184469113,0.803480037083558,0.908811269709157,0.950126862754222,0.824388968562652,0.813428475136299,0.848781382940984,0.776974759769085,0.905695841604614,0.86915919043174,0.841398618200734,0.773765047573083,0.942572637850888,0.948298998730297,0.813132100403039,0.933132307056317,0.703042457459086,0.93804120933183,0.924695400174466,0.802615517651888,0.936437195058212,0.961261695710576,0.999187893105028,0.939662477083765,0.93325129469837,0.91848192163547,0.927718863670526,0.87722124777252,0.944297084641942,0.875647460077313,0.952654568548671,0.764038489037043,0.821985170096072,0.829148832457907,0.848371335336805,0.866829052532673,0.883020732616825,0.914714808895342,0.836961420958838,0.924577437953267,0.936339496192746,0.932100098881034,0.95575359326096,0.971079081963836,0.780994739883857,0.930240854194954,0.760758944343701,0.926253630095811,0.79313420106032,0.9618794383342,0.911063028173548,0.884565056660798,0.914065742655998,0.929145292600233,0.590048619271682,0.707556180587859,0.671191100412149,0.840454871144436,0.771882305091129,0.943081700676252,0.994320487918328,0.882036381769315,0.954732247329775,0.961904190597891,0.972426746542279,0.996196685967231,0.916014579547791,0.968275306327163,0.997772646257692,0.936755136509977,0.97896117183463,0.99311781258735,0.957456816064462,0.972615823130939
7,0.949647528606268,0.812080779381959,0.97873145289407,0.778183321211235,0.937381091577309,0.955017289594199,0,0.949405823629476,0.759867169152537,0.91132816660907,0.963677583822411,0.963428383568463,0.967840066853938,0.987247689004545,0.881116973658585,0.948975976081832,0.845926824068523,0.846082979772484,0.880381134596463,0.967790814869847,0.972626352949825,0.990096667621094,0.947237138038128,0.968401505778512,0.955968828755054,0.942043628603854,0.931802426720669,0.996983777526684,0.941060244767788,0.959690856134982,0.880213383382216,0.952933323081556,0.89351222564507,0.996385513020016,0.93486236638655,0.998960928482332,0.851572971466451,0.901169538338886,0.924581061676963,0.942542270690494,0.936499705051361,0.99457668457613,0.86007300549577,0.919411213314031,0.979766978157267,0.884395900967771,0.939441314946586,0.978555564213006,0.986944051015451,0.988675740296725,0.964726966982398,0.975977489694076,0.95420401367916,0.955664137796554,0.928096712708263,0.958004271965044,0.852402752091977,0.941147467545592,0.91934071078896,0.945149037967337,0.955304092739225,0.988030866501031,0.949761886584189,0.949000005766855,0.970116470829874,0.875199987201387,0.890539458382499,0.761486609425834,0.817251720894754,0.969705795423295,0.925818097432733,0.880949754217367,0.932387168169665,0.989117745545121,0.897081866241781,0.868457896368167,0.833895490769787,0.978179258966923,0.854581755939597,0.981470012757865,0.959540898023337,0.991302339852686
8,0.97569024124431,0.992118473228378,0.904125549370931,0.947775467827934,0.992257787950634,0.949229770440678,0.949405823629476,0,0.986533556752963,0.997433318673902,0.94615651190911,0.999950540617669,0.969522844058647,0.97191587254787,0.988182455357834,0.946676418787527,0.979151819244637,0.973893471506626,0.964432705220627,0.948310246844473,0.94973845792123,0.996210272971279,0.96552759681416,0.824731136562529,0.958950650931714,0.974173538697662,0.901511527761241,0.967414154889486,0.941880820029603,0.939586754982726,0.886772155134498,0.93836472988801,0.988672843003564,0.943505267808283,0.987741338134444,0.972890354192867,0.943605322847224,0.965733844043525,0.977601234242092,0.980863577301279,0.998194654347365,0.993804458998559,0.973925947280536,0.994857629780689,0.916688740724372,0.963309982119408,0.980048040381393,0.945968162785524,0.887139986727655,0.948131888183887,0.964878168674483,0.886231926817641,0.926796598674843,0.950274303956394,0.993458945019805,0.936795200741251,0.994069443153385,0.99490673554164,0.961289977367147,0.934119940685845,0.952599983727167,0.854677722131557,0.978019057865587,0.98145484586872,0.953714251606505,0.969644950456547,0.98666310722691,0.960251380930333,0.971346426243478,0.973959572729419,0.718721898829533,0.994987342807202,0.930269920040061,0.936431452968413,0.990779980988104,0.916421698290878,0.949750476117701,0.984665519279994,0.910883264695916,0.910628308929965,0.99252316332777,0.982010757554164
9,0.980767741132941,0.890628591077779,0.988594102374435,0.93869549354592,0.858630891748948,0.979582184469113,0.759867169152537,0.986533556752963,0,0.887829828021442,0.920968114125734,0.981927250959142,0.99352062979982,0.972023301074722,0.970118782247774,0.986759074979767,0.841847261817165,0.858774719000813,0.914681929925474,0.929215401508075,0.947254193840034,0.998183461978857,0.985880725786331,0.904590282904421,0.956857022242361,0.872046372867697,0.888256397214718,0.945564482866287,0.938577666228581,0.963372863826052,0.93238879790454,0.924143941692601,0.832292803490634,0.997009620780265,0.984651918355295,0.995399504714294,0.888333391270334,0.899928334233656,0.910604003622635,0.890074034628646,0.962580394140672,0.968548525761422,0.965286928341487,0.988375127483653,0.991278230384091,0.967158891447904,0.956386874975671,0.943606402770654,0.975536347698985,0.962347557331962,0.976680453387294,0.970822188109266,0.982361992214787,0.903728802121067,0.994418083389884,0.871726507089024,0.816711648748446,0.98597065898103,0.974835344880119,0.921741613102026,0.997293837565705,0.882778332117373,0.995586652150783,0.920230983614749,0.943063800976451,0.976186318876603,0.907314693852253,0.777780163883957,0.61081144814482,0.958569910364576,0.999653650806836,0.932783441712964,0.944538803362401,0.895837384287148,0.917086969643061,0.965732663624379,0.810016233460486,0.994950717797492,0.879664463106842,0.974482911327069,0.957133071765355,0.982620269160811
10,0.662773799465196,0.978461584455443,0.960689047155524,0.786779919220509,0.758238809773377,0.803480037083558,0.91132816660907,0.997433318673902,0.887829828021442,0,0.405624821032201,0.981981747832552,0.758320861804547,0.766379145972671,0.834178474165925,0.706932575069406,0.782617584386299,0.783030494595244,0.802425200407643,0.740946348588498,0.877351354088513,0.886788299174939,0.836574917303342,0.800084001910661,0.572094392907266,0.854304288206347,0.87267905194974,0.872611844044688,0.904887297800682,0.871412746104944,0.902076356035784,0.874690430397345,0.858419534208706,0.890634414453288,0.888592366040939,0.796632184266464,0.829750788572554,0.830402686140765,0.902628858822474,0.769819553694471,0.848222421908807,0.855742188068239,0.783587913778497,0.85745982399285,0.942354651630694,0.884976982788087,0.790158111191237,0.935279727565463,0.959829361444482,0.97699435114661,0.983495609486434,0.920604241223484,0.76429233178287,0.89000556720936,0.798214526953869,0.829931940835259,0.772880446586955,0.864602449160724,0.913835306624649,0.7405689439419,0.915908012782773,0.865374090156306,0.800673211083967,0.817797768696624,0.826490998985358,0.90437316358052,0.876398008399253,0.976204965710779,0.890918635562714,0.886296594320142,0.9170232901829,0.948552012836462,0.952611744741395,0.984401437611772,0.917471399893242,0.963564105317641,0.8321865952565,0.948154937595288,0.950934349571726,0.997570031593725,0.92502808115302,0.756876490600533
11,0.744426966926526,0.959501953182845,0.926024516755206,0.923911921011721,0.798407684656943,0.908811269709157,0.963677583822411,0.94615651190911,0.920968114125734,0.405624821032201,0,0.983840715152058,0.751655221094086,0.75195601778449,0.873583251532629,0.800723348487898,0.813033047669111,0.823891643182841,0.844309767897485,0.785248042138377,0.910744233642857,0.929603329636074,0.883860134688784,0.795484571470913,0.708810856721322,0.89535348296256,0.85194055589359,0.929445289517051,0.894870859935134,0.889947869649002,0.903171896374975,0.867512812479831,0.833622059282607,0.950979416806421,0.937785379008617,0.796914815134987,0.832753783223246,0.857809346397371,0.964298686231181,0.841833810630154,0.964801576147904,0.95162089354475,0.899161584325328,0.878295150312877,0.93495933354567,0.925488264175578,0.892686464854686,0.952219045285849,0.898774076977262,0.956274412228532,0.945024233344348,0.954218298712266,0.79354589578209,0.871945844288306,0.883842904351699,0.815475100372453,0.798810318835391,0.828735539372525,0.861700856176685,0.831883607830541,0.922750668014706,0.905524216581543,0.886250202795814,0.881943258014508,0.873107620450337,0.98617880656825,0.926922693039719,0.999953988926622,0.906466076183782,0.994388949975963,0.886680944242804,0.92737009233599,0.939680359107808,0.98396834640285,0.911246557570014,0.976378913552927,0.862497638677886,0.979896218358518,0.971412947039305,0.992060357029635,0.915503421135806,0.685402507778402
12,0.968983937927593,0.742513338013139,0.847169179026515,0.915307777695437,0.933150123787492,0.950126862754222,0.963428383568463,0.999950540617669,0.981927250959142,0.981981747832552,0.983840715152058,0,0.797174571409811,0.800817444560186,0.473962174931241,0.841450740839405,0.834868061008062,0.884085589774807,0.844991687150279,0.897174193097118,0.822057517729181,0.861195574314476,0.869918733405469,0.997204235196441,0.998692269118106,0.918634133930543,0.909375143868892,0.970867939906818,0.812146767884805,0.921638912961035,0.830007085078392,0.834206541218313,0.999164018749528,0.822914193954689,0.796020536106546,0.964943804540234,0.893091304305386,0.893311628327456,0.870805691112971,0.975509100248981,0.895547842720561,0.843190816216334,0.925605047362516,0.880140151914892,0.901603371932486,0.83547483517506,0.99297294996174,0.935153950374161,0.922468649473448,0.825544511533432,0.896810408828781,0.864767354821411,0.910910509614555,0.964613708603427,0.925540844321993,0.968845758332717,0.970447924751417,0.903557928774507,0.936569326819004,0.916946022484498,0.853038411039885,0.964166301517196,0.993365042238624,0.883749024196598,0.889995140252784,0.821358576953114,0.955922962096828,0.849259246681168,0.953415065691067,0.984117243372499,0.983102879157731,0.967555605589552,0.931844566418201,0.959090817190164,0.924673478042991,0.812870156765797,0.924241402995837,0.975360857216821,0.872870367166416,0.972011011009548,0.877045815664292,0.955887033331087
13,0.784711957742964,0.981032505998715,0.91399532218338,0.909827874856401,0.808650750759776,0.824388968562652,0.967840066853938,0.969522844058647,0.99352062979982,0.758320861804547,0.751655221094086,0.797174571409811,0,0.466025766807375,0.749624748539375,0.630299087229831,0.797079292815957,0.769167485436764,0.821365912506191,0.798983058182556,0.797272765406061,0.874692257708684,0.795361496111294,0.91201942814736,0.770049070189053,0.93435601335768,0.912892074003229,0.866966358796526,0.925123156426034,0.945073410683198,0.972407762540484,0.862791877091167,0.932426968700347,0.905111312391979,0.845583161026137,0.793500450443763,0.902594715363678,0.87737864017231,0.976942481112244,0.825588038761771,0.816824286000931,0.810758033217082,0.849028283228431,0.836837274512894,0.924182402531737,0.916171119708094,0.924093950839335,0.942280950694906,0.977616800606613,0.914019321917605,0.932722072151268,0.89314533775529,0.826471358234438,0.994994614218938,0.826959817180505,0.871395403226852,0.841013764970835,0.887659756569939,0.903749600572243,0.860016081202308,0.850277320734134,0.957974003797766,0.881001274063463,0.847434560519546,0.912921633613521,0.869859182638573,0.916545599372594,0.975560183618092,0.944647169382808,0.949866171875858,0.978077222048508,0.891944544674774,0.967303420472836,0.992407984775437,0.911404909836316,0.986662243270381,0.912111673289592,0.98062701304337,0.939845318663942,0.978909262589175,0.916422485047386,0.872998629786019
14,0.801699724042439,0.97685657648495,0.931918073890414,0.858222495662973,0.874043547416736,0.813428475136299,0.987247689004545,0.97191587254787,0.972023301074722,0.766379145972671,0.75195601778449,0.800817444560186,0.466025766807375,0,0.709934465594863,0.6181322517976,0.870351711248694,0.750113785987045,0.734617734756347,0.79538802113121,0.881217115114387,0.857062954360117,0.803040738239938,0.92548630256858,0.772312531838578,0.919540154699188,0.874836208576154,0.862482035883717,0.906398110213882,0.912006858424124,0.968829410855196,0.832195864337282,0.952838313417879,0.923887876703244,0.870712367905691,0.768580055289364,0.88734158094129,0.918015257431836,0.953860083472102,0.811523659361534,0.814934889808191,0.839228838128327,0.851533769829196,0.855873989420094,0.935606316237675,0.86828167773782,0.856982293705251,0.872604667693635,0.924901287080588,0.962181294914771,0.976555322007161,0.939938732625915,0.785684703451703,0.966835959150114,0.855584701225894,0.882277212387333,0.864379512203019,0.862786543597429,0.895620745677427,0.864038568829573,0.872205066675185,0.96700969335542,0.820316538099821,0.854058543892404,0.89137400584885,0.943009101466477,0.919472103449357,0.959263294102282,0.989152694516218,0.958157748295249,0.974511586902615,0.874348447181997,0.92033057655634,0.984272749605545,0.898566461139072,0.943948178035211,0.943724068171875,0.92543590332091,0.956891507277628,0.965492729749011,0.959392035759647,0.86491854013269
15,0.868580925597925,0.809579332605363,0.849614247668937,0.815760271818043,0.831138572883789,0.848781382940984,0.881116973658585,0.988182455357834,0.970118782247774,0.834178474165925,0.873583251532629,0.473962174931241,0.749624748539375,0.709934465594863,0,0.652114156832356,0.791570743144594,0.772092141854072,0.769629188887356,0.824545508275458,0.798282465697424,0.806231167568886,0.832985070851398,0.974522663227085,0.808793064888842,0.921527381653821,0.858385830243917,0.956459992196841,0.822935563759034,0.900865458404475,0.844850481319221,0.804580708268224,0.926459085860759,0.789836135818987,0.746783451883633,0.943101548815166,0.882241935994506,0.890235981328263,0.869274885626799,0.88186747170483,0.8428434484906,0.841914066410196,0.826174146786656,0.833723495630177,0.894786172322659,0.775051725474474,0.880053621153236,0.957678117860109,0.864789841116271,0.887101490802228,0.921290356754628,0.844500099492939,0.850850843171104,0.909335672924316,0.861558732241081,0.91477579769156,0.847252662944714,0.871809792385324,0.937572726664144,0.816246530033367,0.884557541470488,0.933843813380231,0.934132456815229,0.866710625958131,0.85174474540292,0.824088231159778,0.90919272214591,0.883922791813861,0.923651856167763,0.992721081772536,0.972817955313469,0.973728792350637,0.907342299697159,0.969227184483658,0.962067667635274,0.858012671298136,0.964434604368309,0.955953550417659,0.916307248461975,0.986988344066847,0.917133060774989,0.976043897181869
16,0.708064108317254,0.994313663683024,0.910499639203306,0.755747232187075,0.716137184704267,0.776974759769085,0.948975976081832,0.946676418787527,0.986759074979767,0.706932575069406,0.800723348487898,0.841450740839405,0.630299087229831,0.6181322517976,0.652114156832356,0,0.828615000446138,0.760875573144173,0.731534889293874,0.708430915588928,0.801902090631619,0.789097801176307,0.774871115704768,0.859814750849718,0.650453344275578,0.920133800037673,0.919379505988589,0.794313491530633,0.828587795278102,0.880043519803815,0.965558818323277,0.853351700021845,0.914986157390842,0.827898391981453,0.803703841705431,0.8120789741879,0.879288613511231,0.804536348456148,0.895827572606255,0.762594973485033,0.72768517215514,0.759550592067102,0.731023015437247,0.810498461282122,0.875944565394396,0.842472030749083,0.741750466091114,0.86270041662745,0.940500173731114,0.940417992664124,0.980205641134562,0.882266249548567,0.793224887824915,0.947728685713173,0.730519095369968,0.834901422861023,0.771827107200458,0.836960614205846,0.822747611491128,0.609892938023961,0.855460480981097,0.862538512036451,0.85447056391304,0.840195212618257,0.813919774030369,0.814187379785514,0.837999224412797,0.942013450137897,0.935353007664812,0.905726447969936,0.992605908933435,0.942258122957558,0.983087219467279,0.998877873133779,0.906040300849318,0.945079704551324,0.942932249368309,0.955624965162915,0.92925224390454,0.921310133916513,0.944112875613785,0.863070745125071
17,0.867643252579553,0.821532187471247,0.930703727231594,0.81501141064092,0.831796795402247,0.905695841604614,0.845926824068523,0.979151819244637,0.841847261817165,0.782617584386299,0.813033047669111,0.834868061008062,0.797079292815957,0.870351711248694,0.791570743144594,0.828615000446138,0,0.821041908728915,0.900343272255336,0.908117175869751,0.624985514240065,0.827286103637382,0.747098044499065,0.91077721802127,0.884778408999664,0.896654296216743,0.85526497957036,0.946846091571346,0.828527401219264,0.954535071745059,0.865010965027913,0.804001933745923,0.848380900916729,0.803815477141907,0.715723174307323,0.882730556009119,0.836718105034104,0.827609159801834,0.886759131737036,0.919020103697834,0.856583703510274,0.960534016832614,0.84356373325685,0.884723547326089,0.969000849393188,0.827956874559842,0.953842678493069,0.97989338863782,0.959354950827414,0.869242416451125,0.930571552434843,0.900450619697629,0.83361368407739,0.920922165701262,0.841055422956037,0.87205149672381,0.788610835518813,0.895984101570589,0.948905285150264,0.886671810499453,0.874966587558197,0.86429237758699,0.907495603588385,0.832014434631327,0.82888843056002,0.82150930718562,0.909639778926579,0.883194685057892,0.86864629199958,0.928410068640273,0.954572715576964,0.98370222592151,0.984067950731807,0.964001017879152,0.960498295433817,0.99147992959462,0.81377873370405,0.992358780573752,0.998287603479027,0.942944879989354,0.984145094404995,0.94682492601927
18,0.870497735115294,0.95044447629041,0.907382750372695,0.841809979874211,0.822837431937697,0.86915919043174,0.846082979772484,0.973893471506626,0.858774719000813,0.783030494595244,0.823891643182841,0.884085589774807,0.769167485436764,0.750113785987045,0.772092141854072,0.760875573144173,0.821041908728915,0,0.636533645425666,0.786914288510789,0.881440817076435,0.950040567200538,0.848285738263083,0.911515941982253,0.835532702353119,0.907648329225142,0.903063718755513,0.975033774321557,0.859705906341944,0.864684778524098,0.851029563129562,0.84984558559204,0.862871339488837,0.899077618228165,0.906840464195104,0.894100327306387,0.805393926842628,0.842823380372273,0.886243286122772,0.808067850278678,0.847392990324003,0.940707921686915,0.838831005672299,0.78595880988541,0.915430679782118,0.898967896830094,0.964544706441196,0.99474154710927,0.989543846458291,0.957718411672341,0.978970620917629,0.848803679520567,0.861857086090738,0.94172954781364,0.886665605886212,0.865407724388007,0.817281061669511,0.953320437159794,0.948673722094557,0.825214364235086,0.863626136687164,0.900090865015679,0.894353189153267,0.844574215479277,0.868656135156641,0.901926263035682,0.8478194349247,0.898076966853649,0.827018530500348,0.991423524216479,0.976270096740425,0.953918820620532,0.98651925937835,0.928548046071773,0.995929959030467,0.96070134510669,0.842866289183216,0.993156561818403,0.932061792775747,0.941258304595946,0.962578689938788,0.827580688330005
19,0.850925730201178,0.961504337787453,0.939497596216444,0.826382874856302,0.808181423619025,0.841398618200734,0.880381134596463,0.964432705220627,0.914681929925474,0.802425200407643,0.844309767897485,0.844991687150279,0.821365912506191,0.734617734756347,0.769629188887356,0.731534889293874,0.900343272255336,0.636533645425666,0,0.702608301198804,0.86477060860063,0.842618543091091,0.788239509136545,0.872695138843739,0.804130339625305,0.90445739451137,0.927944586840823,0.853732221368316,0.829398937237227,0.887384899307767,0.912393113105525,0.84287380361954,0.881447764887154,0.874832257140685,0.854618470284081,0.943332631475668,0.862935900257966,0.835098322334504,0.944679603090354,0.782366692228571,0.796722852306057,0.868008322754825,0.838021277372164,0.735368492915715,0.85437393148736,0.833391283834778,0.902685627672029,0.968762431286303,0.965483145638484,0.895509730935951,0.940815821753267,0.85125428709658,0.826772924507831,0.949424911256294,0.855202497956469,0.925731763902045,0.780205878964056,0.919651460525518,0.935500696256187,0.793462110702967,0.835567432093568,0.944846712436222,0.906727047011614,0.851849676468853,0.87408941417241,0.886576971672268,0.885757014500948,0.981338034716666,0.899944576447762,0.989205669242722,0.96559929574269,0.940106850501573,0.914715030686709,0.931858478150104,0.978029989729528,0.925774700848035,0.931189475097586,0.984737463923448,0.944179738559423,0.970175345808622,0.993022733918458,0.95450642459017
20,0.747306504182982,0.930890635528482,0.938432889484572,0.778896880454769,0.761646447688167,0.773765047573083,0.967790814869847,0.948310246844473,0.929215401508075,0.740946348588498,0.785248042138377,0.897174193097118,0.798983058182556,0.79538802113121,0.824545508275458,0.708430915588928,0.908117175869751,0.786914288510789,0.702608301198804,0,0.896712963953873,0.836637810518591,0.789933285645369,0.863352852851795,0.685361648714976,0.837431261643695,0.963625789717584,0.880373825584607,0.923304282044701,0.946916553854996,0.996205991520521,0.897390876054287,0.912236591626772,0.852289476428136,0.859769490811302,0.866377407714958,0.971692813070652,0.937341110552676,0.98062700467429,0.659980037777062,0.794330541647878,0.803452865680145,0.776618987528008,0.792781050972958,0.792234429764309,0.951952040744429,0.848700196769234,0.954902449132466,0.951283490776564,0.9364544970513,0.993678929891066,0.901720617857203,0.766152531739599,0.871607248471785,0.802983928937582,0.870096604680719,0.751112373907732,0.995661055815974,0.942069030943567,0.80845728407713,0.890518622563331,0.938172940796495,0.857692771363417,0.813066107297663,0.801616172629007,0.902918341588004,0.834298929417399,0.951194121709265,0.907496597446993,0.987223866723244,0.948576087524159,0.969012339100149,0.939928174719679,0.967622031636338,0.98728028901866,0.962606030587749,0.909971479712791,0.986515861675721,0.917114774025689,0.91099510246171,0.979810636410658,0.947174398772457
21,0.891474087297699,0.893089916188619,0.910343871460105,0.89517159994856,0.869416093557642,0.942572637850888,0.972626352949825,0.94973845792123,0.947254193840034,0.877351354088513,0.910744233642857,0.822057517729181,0.797272765406061,0.881217115114387,0.798282465697424,0.801902090631619,0.624985514240065,0.881440817076435,0.86477060860063,0.896712963953873,0,0.737225819727562,0.739966192901594,0.961968362471881,0.903965588536151,0.91931223915396,0.983599059036902,0.865979658479662,0.830666600264388,0.88655054005555,0.867081357857059,0.872354895073239,0.91256048968681,0.806886337080315,0.61148642105549,0.876247597758425,0.893165802491068,0.880675278274673,0.996584410772619,0.947719112523114,0.86912610438834,0.911166787323851,0.897261488116655,0.902955398898467,0.928953267396157,0.920522026288577,0.948462085392888,0.914836368627113,0.989637757399089,0.922720413751267,0.951555162078892,0.887076628366356,0.926789941075868,0.990142631970466,0.866381942480482,0.898479778585193,0.857483044597357,0.85641315581106,0.899591698377211,0.868222703032869,0.813999779525532,0.921484315487137,0.998447310862762,0.882763592996672,0.904300014169481,0.900218462719592,0.970294463428718,0.984581569650461,0.982921222119573,0.954838932621076,0.971324968879088,0.974010934555531,0.990787207999641,0.972530086363361,0.981702766360523,0.971691246402911,0.909222852242539,0.954883555551728,0.972730040120736,0.987675817509903,0.924071011410885,0.957051909084568
22,0.877648045346077,0.999532305434551,0.933173075512076,0.873516983818098,0.843688277478365,0.948298998730297,0.990096667621094,0.996210272971279,0.998183461978857,0.886788299174939,0.929603329636074,0.861195574314476,0.874692257708684,0.857062954360117,0.806231167568886,0.789097801176307,0.827286103637382,0.950040567200538,0.842618543091091,0.836637810518591,0.737225819727562,0,0.736997422922657,0.894700857156435,0.849789438955947,0.945634988019486,0.977064300385258,0.908463335496698,0.880124108576741,0.983800125488661,0.940831044315012,0.891197008395781,0.998345096746692,0.422866036506924,0.726687560645276,0.920676104068781,0.953470682836953,0.922296525830651,0.967476149904883,0.900798729059881,0.80072561284318,0.852887972437745,0.836821908531195,0.925312387215079,0.931041955177224,0.909413931000483,0.925783422554582,0.922709101608221,0.983840452225655,0.831596445944444,0.955829865086721,0.868285152441959,0.904521636535913,0.959855629410797,0.873907658112865,0.98920768025869,0.877039230668107,0.940675103233625,0.979840596250968,0.871230253992734,0.851547928126329,0.961154732557332,0.933772528183824,0.964253945463511,0.959227971823222,0.909990871283017,0.986859160142592,0.988122008438693,0.930145257137018,0.998357926300522,0.917035787327321,0.914392409156803,0.995114158634815,0.970147741387879,0.95364904682569,0.991772273074711,0.9912380770359,0.973377020186849,0.970868079116524,0.953124877683662,0.9623452753041,0.962382637483486
23,0.823666667855751,0.95481585144447,0.935597994244135,0.850764351666329,0.827959489960079,0.813132100403039,0.947237138038128,0.96552759681416,0.985880725786331,0.836574917303342,0.883860134688784,0.869918733405469,0.795361496111294,0.803040738239938,0.832985070851398,0.774871115704768,0.747098044499065,0.848285738263083,0.788239509136545,0.789933285645369,0.739966192901594,0.736997422922657,0,0.934382711649586,0.828126713040261,0.869155984815575,0.990776394041011,0.853695309003826,0.824453952766497,0.93622318942897,0.912832000317626,0.845229947475281,0.948454987220412,0.724851924875737,0.818475381097399,0.884898661370256,0.908633349815289,0.955606976670173,0.96245754834279,0.859053892748939,0.813913476759098,0.933061952882164,0.81568983933875,0.813901556317526,0.859862663878177,0.854539419572015,0.900980842468173,0.994945721450702,0.995863329669939,0.878926584751915,0.94522813342934,0.837805301455043,0.873745112016846,0.994978129567311,0.772189712515772,0.856691281109037,0.779366121787432,0.953346103749995,0.971614472773691,0.836413260778315,0.855152604794986,0.92253499381006,0.89836852493908,0.884111090881881,0.857941590652435,0.834922018455369,0.911808868866576,0.977321104674598,0.973942621914096,0.995625552658185,0.950364543701158,0.970922559596575,0.981672870629914,0.978239352891914,0.957074562581571,0.998690056752443,0.938884951080493,0.989511079027757,0.915771928860382,0.936643730980923,0.96762757052616,0.976277721431888
24,0.620646901429694,0.985190103248444,0.926952817343982,0.923356929450036,0.760095168374459,0.933132307056317,0.968401505778512,0.824731136562529,0.904590282904421,0.800084001910661,0.795484571470913,0.997204235196441,0.91201942814736,0.92548630256858,0.974522663227085,0.859814750849718,0.91077721802127,0.911515941982253,0.872695138843739,0.863352852851795,0.961968362471881,0.894700857156435,0.934382711649586,0,0.785983337783714,0.811537833577785,0.879384530809536,0.829901627990761,0.927738748398265,0.950236073848217,0.898759635886383,0.977493303109655,0.882807416417006,0.937066888945448,0.956331601444747,0.864995805619104,0.839938298461384,0.867759252298518,0.945300292100365,0.933796443993095,0.914024223755475,0.92887020004017,0.92065722490332,0.937957546110719,0.880774369583774,0.920547343832824,0.883776425884117,0.858536573681979,0.911320542064179,0.959580110195454,0.952093624003579,0.893393942984493,0.880703251624162,0.866028474398095,0.915224158294383,0.864832614026319,0.909772955870158,0.835353908050087,0.865289829117058,0.724040241826892,0.842824224142957,0.805974161133583,0.983059831268441,0.850319635849291,0.818907453712032,0.869184404581892,0.85201052062885,0.998050156059633,0.96157977904878,0.948433789003462,0.870790843035531,0.872954246341521,0.923177291958409,0.901841005175105,0.945601115051075,0.99017727306012,0.956465824861261,0.993305985908902,0.941701822257006,0.958675043033046,0.890401717946752,0.802129238853754
25,0.560377040162082,0.960261868428808,0.862885159525813,0.728885071579896,0.80344513693408,0.703042457459086,0.955968828755054,0.958950650931714,0.956857022242361,0.572094392907266,0.708810856721322,0.998692269118106,0.770049070189053,0.772312531838578,0.808793064888842,0.650453344275578,0.884778408999664,0.835532702353119,0.804130339625305,0.685361648714976,0.903965588536151,0.849789438955947,0.828126713040261,0.785983337783714,0,0.798028967637869,0.885923590732894,0.767793390182909,0.887327293809577,0.924234151864616,0.932455027276017,0.880588529160115,0.811195083030742,0.831813083960425,0.890564426699977,0.845212377802397,0.886576247979997,0.817238804147064,0.853699022642591,0.735557804188497,0.781210325321205,0.863219359909246,0.74354261287704,0.824906142468062,0.902910769474534,0.940414028244278,0.608381010744663,0.851647402488571,0.84338568593092,0.992730890829529,0.959666066290438,0.887570064925512,0.695487007183341,0.861869395385704,0.723091979874337,0.794303291589841,0.760729037192981,0.810073269995671,0.861563596093943,0.801394990507554,0.868998548901387,0.90461697837159,0.719422754411536,0.817060086570644,0.788888506674867,0.879887302128546,0.755735868902982,0.906474073304659,0.929276044383645,0.934745627706249,0.906589543918027,0.847972021965573,0.922182674143354,0.921148404854173,0.927269604203025,0.992023138303685,0.976916939601048,0.946703095429302,0.946588109757367,0.920415177483948,0.910501802564354,0.819465422248769
26,0.869060932971413,0.909106842988458,0.879322301993673,0.924234614724136,0.906815935601725,0.93804120933183,0.942043628603854,0.974173538697662,0.872046372867697,0.854304288206347,0.89535348296256,0.918634133930543,0.93435601335768,0.919540154699188,0.921527381653821,0.920133800037673,0.896654296216743,0.907648329225142,0.90445739451137,0.837431261643695,0.91931223915396,0.945634988019486,0.869155984815575,0.811537833577785,0.798028967637869,0,0.788193142056193,0.964090407661061,0.881287513614011,0.912159905290923,0.94597502445867,0.886015037451247,0.879540995450584,0.977613860168052,0.974940255264368,0.902619290906841,0.874393921084543,0.887576327259885,0.931085661363471,0.896052682923641,0.916861612051322,0.959328636639753,0.923998038246903,0.919257657694859,0.923459464665096,0.929508588719699,0.914401014368169,0.964816409929862,0.837933065354583,0.980978551109897,0.981636919601344,0.920097103181434,0.795535550026371,0.734864752820545,0.901891179481191,0.691412895422326,0.925223875344421,0.876304593005883,0.97332967025454,0.910068058379424,0.925406152729533,0.922010604666092,0.951654686860874,0.857417779607014,0.871341055567034,0.931027372344222,0.844544903390785,0.977739706802664,0.896016981851039,0.974285278472051,0.950704090277127,0.933893706209058,0.963916306503875,0.973827591150465,0.955905732000045,0.996751269385272,0.908519898858072,0.922240049027585,0.954477444556646,0.98430359398902,0.924677063652735,0.885656769845917
27,0.948407715961146,0.88810049051691,0.893313617744367,0.952462306311246,0.982921472530465,0.924695400174466,0.931802426720669,0.901511527761241,0.888256397214718,0.87267905194974,0.85194055589359,0.909375143868892,0.912892074003229,0.874836208576154,0.858385830243917,0.919379505988589,0.85526497957036,0.903063718755513,0.927944586840823,0.963625789717584,0.983599059036902,0.977064300385258,0.990776394041011,0.879384530809536,0.885923590732894,0.788193142056193,0,0.97193342195581,0.949202916025587,0.906844118926583,0.965510516592331,0.770012129889829,0.926707634449725,0.971998668332635,0.990859158464654,0.935448928180297,0.885172840523289,0.919836064933232,0.90994312012678,0.964544981875036,0.987148420767273,0.980799474132729,0.975606149637383,0.953882903735467,0.937662854089557,0.894839603344669,0.946239450385532,0.923872495374343,0.721169778640909,0.996627284225633,0.984891226323799,0.905614156461672,0.566851436311916,0.86327432853388,0.964634597991394,0.771626849622229,0.948479177640311,0.895707600248784,0.894271456078011,0.991480168266835,0.971911239790286,0.977237088420737,0.983098110859719,0.893349116104632,0.902815942304015,0.935769134069507,0.931071508928969,0.924207578307067,0.917860256855349,0.977464601333421,0.812297768386483,0.951149170396785,0.853500020540273,0.950027714730288,0.94250532854889,0.968505179878347,0.962697805563543,0.974169334843906,0.865971415916216,0.958201031221466,0.984680214876657,0.884448941614666
